% n = 15
t = -15:0.01:15;
x = @(t) 0.504*(1+(2/(1+16*(15)^2))*(cos(30*t)+4*15*sin(30*t)));